              * /home/drako/esim-workspace/halfadder/halfadder.cir
              Transient Analysis  Tue Jun 29 20:26:49  2021
--------------------------------------------------------------------------------
Index   time            v.x1.v1#branch  v.x2.v1#branch  v2#branch       
--------------------------------------------------------------------------------
0	0.000000e+00	-2.10550e-10	-1.98508e-10	0.000000e+00	
1	1.000000e-12	1.219399e-04	8.137530e-05	-1.88129e-04	
2	2.000000e-12	1.308446e-04	8.514855e-05	-1.95883e-04	
3	4.000000e-12	1.466129e-04	9.154359e-05	-2.06472e-04	
4	8.000000e-12	1.718581e-04	1.016132e-04	-2.21109e-04	
5	1.600000e-11	2.072535e-04	1.163496e-04	-2.38484e-04	
6	3.200000e-11	2.510186e-04	1.321138e-04	-2.72519e-04	
7	6.400000e-11	2.118268e-04	1.383563e-04	-4.11311e-04	
8	1.000000e-10	-1.85159e-05	1.226593e-04	-6.55088e-04	
9	1.050523e-10	-1.54067e-04	4.305703e-05	-4.09536e-04	
10	1.151569e-10	-1.60169e-04	3.608586e-05	-2.87242e-04	
11	1.353660e-10	-1.82450e-04	-2.17634e-05	-5.25054e-06	
12	1.554503e-10	-2.06977e-04	-6.37303e-05	-5.18909e-05	
13	1.804616e-10	-2.64119e-04	-5.33480e-05	2.533465e-05	
14	2.230758e-10	-1.86616e-04	-8.23251e-05	-4.88101e-05	
15	2.787064e-10	-1.40804e-04	-1.03219e-04	5.265319e-05	
16	3.386547e-10	-1.01482e-04	-1.66361e-04	-4.09963e-05	
17	4.251412e-10	-8.45385e-05	-6.53897e-05	4.224278e-05	
18	5.136957e-10	-5.12752e-05	-6.54885e-05	-5.09607e-05	
19	6.136957e-10	-5.92595e-05	-3.44825e-05	4.995401e-05	
20	7.136957e-10	-4.09113e-05	-6.02200e-05	-4.86180e-05	
21	8.136957e-10	-5.57146e-05	-3.37877e-05	4.871648e-05	
22	9.136957e-10	-3.98124e-05	-6.05931e-05	-4.84310e-05	
23	1.013696e-09	-5.52756e-05	-3.35303e-05	4.836286e-05	
24	1.113696e-09	-3.96981e-05	-6.07728e-05	-4.82745e-05	
25	1.213696e-09	-5.51783e-05	-3.34062e-05	4.824111e-05	
26	1.313696e-09	-3.96866e-05	-6.08581e-05	-4.82121e-05	
27	1.413696e-09	-5.51306e-05	-3.33486e-05	4.820664e-05	
28	1.513696e-09	-3.96868e-05	-6.08963e-05	-4.82027e-05	
29	1.613696e-09	-5.50976e-05	-3.33243e-05	4.821153e-05	
30	1.713696e-09	-3.96886e-05	-6.09110e-05	-4.82193e-05	
31	1.813696e-09	-5.50726e-05	-3.33165e-05	4.823459e-05	
32	1.913696e-09	-3.96905e-05	-6.09139e-05	-4.82477e-05	
33	2.013696e-09	-5.50531e-05	-3.33170e-05	4.826564e-05	
34	2.113696e-09	-3.96920e-05	-6.09110e-05	-4.82811e-05	
35	2.213696e-09	-5.50378e-05	-3.33217e-05	4.829977e-05	
36	2.313696e-09	-3.96930e-05	-6.09051e-05	-4.83160e-05	
37	2.413696e-09	-5.50257e-05	-3.33284e-05	4.833462e-05	
38	2.513696e-09	-3.96934e-05	-6.08977e-05	-4.83510e-05	
39	2.613696e-09	-5.50160e-05	-3.33362e-05	4.836915e-05	
40	2.713696e-09	-3.96935e-05	-6.08896e-05	-4.83854e-05	
41	2.813696e-09	-5.50082e-05	-3.33445e-05	4.840293e-05	
42	2.913696e-09	-3.96932e-05	-6.08812e-05	-4.84188e-05	
43	3.013696e-09	-5.50019e-05	-3.33530e-05	4.843585e-05	
44	3.113696e-09	-3.96926e-05	-6.08726e-05	-4.84514e-05	
45	3.213696e-09	-5.49968e-05	-3.33617e-05	4.846791e-05	
46	3.313696e-09	-3.96917e-05	-6.08638e-05	-4.84831e-05	
47	3.413696e-09	-5.49926e-05	-3.33705e-05	4.849921e-05	
48	3.513696e-09	-3.96907e-05	-6.08551e-05	-4.85142e-05	
49	3.613696e-09	-5.49892e-05	-3.33792e-05	4.852984e-05	
50	3.713696e-09	-3.96896e-05	-6.08463e-05	-4.85445e-05	
51	3.813696e-09	-5.49865e-05	-3.33880e-05	4.855990e-05	
52	3.913696e-09	-3.96884e-05	-6.08376e-05	-4.85744e-05	
53	4.013696e-09	-5.49843e-05	-3.33967e-05	4.858947e-05	
54	4.113696e-09	-3.96871e-05	-6.08289e-05	-4.86038e-05	

Index   time            v.x1.v1#branch  v.x2.v1#branch  v2#branch       
--------------------------------------------------------------------------------
55	4.213696e-09	-5.49824e-05	-3.34054e-05	4.861865e-05	
56	4.313696e-09	-3.96857e-05	-6.08201e-05	-4.86328e-05	
57	4.413696e-09	-5.49810e-05	-3.34142e-05	4.864748e-05	
58	4.513696e-09	-3.96843e-05	-6.08114e-05	-4.86615e-05	
59	4.613696e-09	-5.49798e-05	-3.34229e-05	4.867603e-05	
60	4.713696e-09	-3.96830e-05	-6.08027e-05	-4.86900e-05	
61	4.813696e-09	-5.49789e-05	-3.34316e-05	4.870434e-05	
62	4.913696e-09	-3.96816e-05	-6.07940e-05	-4.87182e-05	
63	5.013696e-09	-5.49781e-05	-3.34402e-05	4.873245e-05	
64	5.100000e-09	-3.96803e-05	-6.07847e-05	-4.87485e-05	
65	5.110000e-09	-1.29525e-04	-1.18016e-04	3.570354e-04	
66	5.130000e-09	-1.66212e-04	-1.37882e-04	4.137263e-04	
67	5.170000e-09	-2.27256e-04	-1.38821e-04	3.631446e-04	
68	5.200000e-09	-2.76007e-04	-2.51570e-04	2.665765e-04	
69	5.205361e-09	-2.04658e-04	-2.30657e-04	5.007610e-05	
70	5.216084e-09	-1.90414e-04	-2.59594e-04	3.165632e-05	
71	5.237529e-09	-1.90850e-04	-1.27992e-04	1.382000e-05	
72	5.259904e-09	-1.47659e-04	-1.38438e-04	3.641393e-05	
73	5.289356e-09	-1.27262e-04	-3.59978e-05	-9.71440e-06	
74	5.336278e-09	-6.99768e-05	-4.12525e-05	-1.45010e-05	
75	5.396076e-09	-1.00731e-04	2.187171e-05	-3.69803e-05	
76	5.487731e-09	-1.49076e-04	-2.40647e-05	-1.14903e-05	
77	5.587731e-09	-9.72406e-05	2.423904e-05	-2.07955e-06	
78	5.687731e-09	-3.32032e-05	-2.42556e-05	2.689644e-06	
79	5.787731e-09	-5.77646e-05	2.424046e-05	-1.35913e-06	
80	5.887731e-09	-3.56292e-05	-2.42198e-05	1.461923e-06	
81	5.987731e-09	-5.67392e-05	2.419717e-05	-1.27878e-06	
82	6.087731e-09	-3.64682e-05	-2.41747e-05	1.513397e-06	
83	6.187731e-09	-5.61144e-05	2.415094e-05	-1.39949e-06	
84	6.287731e-09	-3.69178e-05	-2.41276e-05	1.582908e-06	
85	6.387731e-09	-5.57973e-05	2.410320e-05	-1.48366e-06	
86	6.487731e-09	-3.71333e-05	-2.40782e-05	1.624145e-06	
87	6.587731e-09	-5.56391e-05	2.405425e-05	-1.53416e-06	
88	6.687731e-09	-3.72467e-05	-2.40299e-05	1.646190e-06	
89	6.787731e-09	-5.55720e-05	2.400437e-05	-1.56336e-06	
90	6.887731e-09	-3.72960e-05	-2.39803e-05	1.655820e-06	
91	6.987731e-09	-5.55401e-05	2.395476e-05	-1.58092e-06	
92	7.087731e-09	-3.73148e-05	-2.39297e-05	1.659468e-06	
93	7.187731e-09	-5.55307e-05	2.390378e-05	-1.59204e-06	
94	7.287731e-09	-3.73177e-05	-2.38785e-05	1.660728e-06	
95	7.387731e-09	-5.55327e-05	2.385238e-05	-1.60014e-06	
96	7.487731e-09	-3.73123e-05	-2.38270e-05	1.661449e-06	
97	7.587731e-09	-5.55407e-05	2.380069e-05	-1.60693e-06	
98	7.687731e-09	-3.73025e-05	-2.37752e-05	1.662498e-06	
99	7.787731e-09	-5.55518e-05	2.374880e-05	-1.61329e-06	
100	7.887731e-09	-3.72906e-05	-2.37232e-05	1.664223e-06	
101	7.987731e-09	-5.55644e-05	2.369678e-05	-1.61963e-06	
102	8.087731e-09	-3.72775e-05	-2.36711e-05	1.666709e-06	
103	8.187731e-09	-5.55779e-05	2.364467e-05	-1.62611e-06	
104	8.287731e-09	-3.72639e-05	-2.36190e-05	1.669920e-06	
105	8.387731e-09	-5.55917e-05	2.359253e-05	-1.63280e-06	
106	8.487731e-09	-3.72500e-05	-2.35669e-05	1.673775e-06	
107	8.587731e-09	-5.56057e-05	2.354038e-05	-1.63969e-06	
108	8.687731e-09	-3.72360e-05	-2.35147e-05	1.678180e-06	
109	8.787731e-09	-5.56198e-05	2.348826e-05	-1.64674e-06	
110	8.887731e-09	-3.72219e-05	-2.34626e-05	1.683039e-06	
111	8.987731e-09	-5.56339e-05	2.343619e-05	-1.65394e-06	
112	9.087731e-09	-3.72078e-05	-2.34106e-05	1.688276e-06	

Index   time            v.x1.v1#branch  v.x2.v1#branch  v2#branch       
--------------------------------------------------------------------------------
113	9.187731e-09	-5.56480e-05	2.338419e-05	-1.66125e-06	
114	9.287731e-09	-3.71937e-05	-2.33586e-05	1.693824e-06	
115	9.387731e-09	-5.56621e-05	2.333227e-05	-1.66864e-06	
116	9.487731e-09	-3.71797e-05	-2.33067e-05	1.699627e-06	
117	9.587731e-09	-5.56761e-05	2.328044e-05	-1.67610e-06	
118	9.687731e-09	-3.71657e-05	-2.32550e-05	1.705639e-06	
119	9.787731e-09	-5.56901e-05	2.322872e-05	-1.68360e-06	
120	9.887731e-09	-3.71517e-05	-2.32033e-05	1.711824e-06	
121	9.987731e-09	-5.57041e-05	2.317710e-05	-1.69113e-06	
122	1.000000e-08	-3.70881e-05	-2.29685e-05	1.743650e-06	
123	1.000537e-08	6.205905e-06	4.511827e-05	-2.35467e-04	
124	1.001611e-08	1.456700e-05	5.492000e-05	-2.51449e-04	
125	1.003759e-08	2.628679e-05	6.788289e-05	-3.03542e-04	
126	1.008054e-08	-2.12686e-05	4.740995e-05	-4.01753e-04	
127	1.010000e-08	-7.04927e-05	1.513534e-05	-3.73611e-04	
128	1.010681e-08	-2.35609e-04	-9.01521e-05	-9.63609e-05	
129	1.012043e-08	-2.84681e-04	-1.13491e-04	-7.82671e-06	
130	1.014768e-08	-4.32823e-04	-1.36539e-04	7.933607e-05	
131	1.018461e-08	-4.39188e-04	-1.38674e-04	5.107869e-05	
132	1.020000e-08	-4.25784e-04	-1.29401e-04	2.992242e-05	
133	1.020394e-08	-2.91407e-04	-7.77503e-05	5.213131e-05	
134	1.021182e-08	-2.49570e-04	-6.70541e-05	2.359435e-05	
135	1.022758e-08	-1.92325e-04	-4.82322e-05	8.554906e-06	
136	1.025911e-08	-1.23561e-04	-2.39495e-05	-7.37954e-07	
137	1.031571e-08	-6.89249e-05	-5.78580e-06	1.866640e-06	
138	1.038735e-08	-5.10161e-05	-1.33903e-06	-1.81969e-06	
139	1.048735e-08	-4.34249e-05	-5.42449e-07	2.381648e-06	
140	1.058735e-08	-4.45421e-05	-4.56895e-07	-1.57453e-06	
141	1.068735e-08	-4.30817e-05	-2.76591e-07	2.133447e-06	
142	1.078735e-08	-4.45196e-05	-2.88429e-07	-1.64960e-06	
143	1.088735e-08	-4.30645e-05	-1.71200e-07	2.013942e-06	
144	1.098735e-08	-4.45358e-05	-2.15028e-07	-1.68252e-06	
145	1.108735e-08	-4.30509e-05	-1.17349e-07	1.950718e-06	
146	1.118735e-08	-4.45464e-05	-1.73908e-07	-1.70135e-06	
147	1.128735e-08	-4.30424e-05	-8.47469e-08	1.912349e-06	
148	1.138735e-08	-4.45530e-05	-1.47828e-07	-1.71378e-06	
149	1.148735e-08	-4.30369e-05	-6.29480e-08	1.886986e-06	
150	1.158735e-08	-4.45574e-05	-1.29946e-07	-1.72279e-06	
151	1.168735e-08	-4.30331e-05	-4.73449e-08	1.869236e-06	
152	1.178735e-08	-4.45606e-05	-1.17010e-07	-1.72975e-06	
153	1.188735e-08	-4.30303e-05	-3.56101e-08	1.856310e-06	
154	1.198735e-08	-4.45631e-05	-1.07280e-07	-1.73539e-06	
155	1.208735e-08	-4.30280e-05	-2.64457e-08	1.846621e-06	
156	1.218735e-08	-4.45652e-05	-9.97420e-08	-1.74013e-06	
157	1.228735e-08	-4.30260e-05	-1.90728e-08	1.839195e-06	
158	1.238735e-08	-4.45670e-05	-9.37674e-08	-1.74422e-06	
159	1.248735e-08	-4.30243e-05	-1.29968e-08	1.833403e-06	
160	1.258735e-08	-4.45687e-05	-8.89451e-08	-1.74781e-06	
161	1.268735e-08	-4.30227e-05	-7.88875e-09	1.828820e-06	
162	1.278735e-08	-4.45702e-05	-8.49952e-08	-1.75102e-06	
163	1.288735e-08	-4.30212e-05	-3.52203e-09	1.825152e-06	
164	1.298735e-08	-4.45716e-05	-8.17212e-08	-1.75390e-06	
165	1.308735e-08	-4.30198e-05	2.646996e-10	1.822186e-06	
166	1.318735e-08	-4.45730e-05	-7.89800e-08	-1.75653e-06	
167	1.328735e-08	-4.30184e-05	3.588368e-09	1.819767e-06	
168	1.338735e-08	-4.45744e-05	-7.66663e-08	-1.75893e-06	
169	1.348735e-08	-4.30171e-05	6.537234e-09	1.817782e-06	
170	1.358735e-08	-4.45757e-05	-7.46994e-08	-1.76114e-06	

Index   time            v.x1.v1#branch  v.x2.v1#branch  v2#branch       
--------------------------------------------------------------------------------
171	1.368735e-08	-4.30158e-05	9.178232e-09	1.816142e-06	
172	1.378735e-08	-4.45770e-05	-7.30190e-08	-1.76318e-06	
173	1.388735e-08	-4.30145e-05	1.156279e-08	1.814783e-06	
174	1.398735e-08	-4.45783e-05	-7.15765e-08	-1.76508e-06	
175	1.408735e-08	-4.30132e-05	1.373212e-08	1.813652e-06	
176	1.418735e-08	-4.45796e-05	-7.03341e-08	-1.76685e-06	
177	1.428735e-08	-4.30119e-05	1.571903e-08	1.812711e-06	
178	1.438735e-08	-4.45808e-05	-6.92618e-08	-1.76850e-06	
179	1.448735e-08	-4.30107e-05	1.755007e-08	1.811927e-06	
180	1.458735e-08	-4.45821e-05	-6.83350e-08	-1.77006e-06	
181	1.468735e-08	-4.30094e-05	1.924689e-08	1.811276e-06	
182	1.478735e-08	-4.45833e-05	-6.75337e-08	-1.77152e-06	
183	1.488735e-08	-4.30082e-05	2.082728e-08	1.810738e-06	
184	1.498735e-08	-4.45845e-05	-6.68413e-08	-1.77291e-06	
185	1.508735e-08	-4.30070e-05	2.230603e-08	1.810296e-06	
186	1.510000e-08	-4.45884e-05	-6.81111e-08	-1.77578e-06	
187	1.510459e-08	-1.29369e-04	-4.93096e-05	3.012119e-04	
188	1.511377e-08	-1.52356e-04	-5.55954e-05	3.280813e-04	
189	1.513213e-08	-1.89586e-04	-6.69176e-05	3.467125e-04	
190	1.516886e-08	-2.44312e-04	-7.83746e-05	3.300830e-04	
191	1.520000e-08	-2.44056e-04	-8.04242e-05	2.091225e-04	
192	1.520653e-08	-1.87823e-04	-2.71809e-05	1.820390e-05	
193	1.521960e-08	-1.78119e-04	-1.68068e-05	1.633945e-06	
194	1.524574e-08	-2.06444e-04	-5.81212e-06	1.447000e-05	
195	1.529802e-08	-1.74544e-04	-5.47133e-08	2.989913e-05	
196	1.535753e-08	-4.82338e-05	-3.22893e-08	1.563215e-05	
197	1.542243e-08	-6.38477e-05	4.302281e-08	1.914490e-05	
198	1.552243e-08	-6.48743e-06	-4.62562e-08	5.560567e-06	
199	1.562243e-08	-3.29328e-05	4.802537e-08	1.017162e-05	
200	1.572243e-08	1.470590e-05	-5.01733e-08	-4.41579e-06	
201	1.582243e-08	-2.00206e-05	5.132143e-08	7.010058e-06	
202	1.592243e-08	1.737060e-05	-5.30464e-08	-6.59076e-06	
203	1.602243e-08	-1.78296e-05	5.384842e-08	7.259465e-06	
204	1.612243e-08	1.724096e-05	-5.52842e-08	-7.46069e-06	
205	1.622243e-08	-1.71674e-05	5.582530e-08	7.831460e-06	
206	1.632243e-08	1.689041e-05	-5.70343e-08	-8.06242e-06	
207	1.642243e-08	-1.67781e-05	5.736762e-08	8.341537e-06	
208	1.652243e-08	1.658038e-05	-5.83949e-08	-8.53735e-06	
209	1.662243e-08	-1.64831e-05	5.856148e-08	8.761312e-06	
210	1.672243e-08	1.632735e-05	-5.94429e-08	-8.92127e-06	
211	1.682243e-08	-1.62493e-05	5.947534e-08	9.103663e-06	
212	1.692243e-08	1.612422e-05	-6.02394e-08	-9.23350e-06	
213	1.702243e-08	-1.60634e-05	6.016417e-08	9.382982e-06	
214	1.712243e-08	1.596260e-05	-6.08340e-08	-9.48817e-06	
215	1.722243e-08	-1.59163e-05	6.067216e-08	9.611271e-06	
216	1.732243e-08	1.583504e-05	-6.12662e-08	-9.69642e-06	
217	1.742243e-08	-1.58008e-05	6.103484e-08	9.798245e-06	
218	1.752243e-08	1.573527e-05	-6.15681e-08	-9.86713e-06	
219	1.762243e-08	-1.57109e-05	6.128079e-08	9.951752e-06	
220	1.772243e-08	1.565808e-05	-6.17651e-08	-1.00075e-05	
221	1.782243e-08	-1.56418e-05	6.143300e-08	1.007815e-05	
222	1.792243e-08	1.559922e-05	-6.18781e-08	-1.01232e-05	
223	1.802243e-08	-1.55894e-05	6.150993e-08	1.018257e-05	
224	1.812243e-08	1.555519e-05	-6.19235e-08	-1.02190e-05	
225	1.822243e-08	-1.55506e-05	6.152646e-08	1.026920e-05	
226	1.832243e-08	1.552317e-05	-6.19148e-08	-1.02987e-05	
227	1.842243e-08	-1.55227e-05	6.149453e-08	1.034142e-05	
228	1.852243e-08	1.550086e-05	-6.18626e-08	-1.03654e-05	

Index   time            v.x1.v1#branch  v.x2.v1#branch  v2#branch       
--------------------------------------------------------------------------------
229	1.862243e-08	-1.55037e-05	6.142375e-08	1.040195e-05	
230	1.872243e-08	1.548640e-05	-6.17756e-08	-1.04214e-05	
231	1.882243e-08	-1.54919e-05	6.132185e-08	1.045303e-05	
232	1.892243e-08	1.547828e-05	-6.16607e-08	-1.04689e-05	
233	1.902243e-08	-1.54858e-05	6.119503e-08	1.049645e-05	
234	1.912243e-08	1.547528e-05	-6.15235e-08	-1.05094e-05	
235	1.922243e-08	-1.54845e-05	6.104830e-08	1.053366e-05	
236	1.932243e-08	1.547641e-05	-6.13685e-08	-1.05444e-05	
237	1.942243e-08	-1.54869e-05	6.088567e-08	1.056585e-05	
238	1.952243e-08	1.548086e-05	-6.11992e-08	-1.05747e-05	
239	1.962243e-08	-1.54923e-05	6.071037e-08	1.059398e-05	
240	1.972243e-08	1.548802e-05	-6.10187e-08	-1.06014e-05	
241	1.982243e-08	-1.55002e-05	6.052500e-08	1.061880e-05	
242	1.992243e-08	1.549734e-05	-6.08291e-08	-1.06251e-05	
243	2.000000e-08	-1.55117e-05	6.030373e-08	1.064400e-05	
244	2.001000e-08	1.705272e-04	1.016239e-04	-2.19224e-04	
245	2.003000e-08	2.472544e-04	1.304723e-04	-2.68133e-04	
246	2.007000e-08	1.725382e-04	1.389700e-04	-4.37688e-04	
247	2.010000e-08	-3.10595e-05	1.086227e-04	-5.68677e-04	
248	2.010517e-08	-1.51429e-04	1.491206e-05	-2.79125e-04	
249	2.011550e-08	-1.68895e-04	-4.78535e-06	-1.41668e-04	
250	2.013616e-08	-1.86725e-04	-7.04621e-05	-6.87557e-05	
251	2.016241e-08	-2.29712e-04	-4.43377e-05	3.114446e-05	
252	2.019835e-08	-2.66138e-04	-8.72959e-05	-5.00875e-05	
253	2.024604e-08	-1.53332e-04	-8.09695e-05	3.475717e-05	
254	2.030688e-08	-1.37195e-04	-1.70921e-04	-2.29844e-05	
255	2.036731e-08	-8.90768e-05	-9.52701e-05	2.954263e-05	
256	2.045945e-08	-8.14311e-05	-6.81171e-05	-3.35320e-05	
257	2.055945e-08	-4.34041e-05	-3.62721e-05	2.938580e-05	
258	2.065945e-08	-6.16867e-05	-6.09037e-05	-2.59784e-05	
259	2.075945e-08	-3.64837e-05	-3.18599e-05	2.542064e-05	
260	2.085945e-08	-5.95489e-05	-6.33849e-05	-2.43649e-05	
261	2.095945e-08	-3.56603e-05	-3.01301e-05	2.388299e-05	
262	2.105945e-08	-5.93695e-05	-6.45899e-05	-2.34871e-05	
263	2.115945e-08	-3.54935e-05	-2.92980e-05	2.325867e-05	
264	2.125945e-08	-5.93840e-05	-6.51629e-05	-2.30982e-05	
265	2.135945e-08	-3.54118e-05	-2.89080e-05	2.300642e-05	
266	2.145945e-08	-5.94140e-05	-6.54262e-05	-2.29451e-05	
267	2.155945e-08	-3.53520e-05	-2.87342e-05	2.291481e-05	
268	2.165945e-08	-5.94416e-05	-6.55384e-05	-2.28951e-05	
269	2.175945e-08	-3.53044e-05	-2.86655e-05	2.288936e-05	
270	2.185945e-08	-5.94654e-05	-6.55775e-05	-2.28853e-05	
271	2.195945e-08	-3.52655e-05	-2.86473e-05	2.288752e-05	
272	2.205945e-08	-5.94856e-05	-6.55815e-05	-2.28878e-05	
273	2.215945e-08	-3.52334e-05	-2.86533e-05	2.289083e-05	
274	2.225945e-08	-5.95029e-05	-6.55689e-05	-2.28908e-05	
275	2.235945e-08	-3.52064e-05	-2.86704e-05	2.289198e-05	
276	2.245945e-08	-5.95177e-05	-6.55488e-05	-2.28900e-05	
277	2.255945e-08	-3.51835e-05	-2.86926e-05	2.288863e-05	
278	2.265945e-08	-5.95304e-05	-6.55253e-05	-2.28844e-05	
279	2.275945e-08	-3.51639e-05	-2.87170e-05	2.288053e-05	
280	2.285945e-08	-5.95416e-05	-6.55004e-05	-2.28742e-05	
281	2.295945e-08	-3.51469e-05	-2.87422e-05	2.286822e-05	
282	2.305945e-08	-5.95514e-05	-6.54750e-05	-2.28602e-05	
283	2.315945e-08	-3.51320e-05	-2.87676e-05	2.285244e-05	
284	2.325945e-08	-5.95602e-05	-6.54495e-05	-2.28430e-05	
285	2.335945e-08	-3.51187e-05	-2.87931e-05	2.283390e-05	
286	2.345945e-08	-5.95681e-05	-6.54241e-05	-2.28234e-05	

Index   time            v.x1.v1#branch  v.x2.v1#branch  v2#branch       
--------------------------------------------------------------------------------
287	2.355945e-08	-3.51068e-05	-2.88185e-05	2.281323e-05	
288	2.365945e-08	-5.95754e-05	-6.53988e-05	-2.28019e-05	
289	2.375945e-08	-3.50959e-05	-2.88437e-05	2.279090e-05	
290	2.385945e-08	-5.95822e-05	-6.53736e-05	-2.27789e-05	
291	2.395945e-08	-3.50860e-05	-2.88689e-05	2.276732e-05	
292	2.405945e-08	-5.95885e-05	-6.53485e-05	-2.27548e-05	
293	2.415945e-08	-3.50767e-05	-2.88939e-05	2.274277e-05	
294	2.425945e-08	-5.95945e-05	-6.53235e-05	-2.27299e-05	
295	2.435945e-08	-3.50681e-05	-2.89189e-05	2.271750e-05	
296	2.445945e-08	-5.96003e-05	-6.52986e-05	-2.27044e-05	
297	2.455945e-08	-3.50599e-05	-2.89438e-05	2.269167e-05	
298	2.465945e-08	-5.96058e-05	-6.52737e-05	-2.26784e-05	
299	2.475945e-08	-3.50522e-05	-2.89687e-05	2.266542e-05	
300	2.485945e-08	-5.96113e-05	-6.52489e-05	-2.26520e-05	
301	2.495945e-08	-3.50447e-05	-2.89935e-05	2.263886e-05	
302	2.505945e-08	-5.96166e-05	-6.52241e-05	-2.26253e-05	
303	2.510000e-08	-3.50333e-05	-2.90363e-05	2.259230e-05	
304	2.511000e-08	-1.29532e-04	-1.17974e-04	3.570336e-04	
305	2.513000e-08	-1.66205e-04	-1.37925e-04	4.137284e-04	
306	2.517000e-08	-2.27260e-04	-1.38778e-04	3.631440e-04	
307	2.520000e-08	-2.76004e-04	-2.51612e-04	2.665736e-04	
308	2.520537e-08	-2.04653e-04	-2.30676e-04	5.006916e-05	
309	2.521610e-08	-1.90390e-04	-2.59577e-04	3.165403e-05	
310	2.523756e-08	-1.90834e-04	-1.27841e-04	1.382650e-05	
311	2.525993e-08	-1.47604e-04	-1.38456e-04	3.642253e-05	
312	2.528942e-08	-1.27204e-04	-3.58411e-05	-9.80254e-06	
313	2.533629e-08	-6.99615e-05	-4.13134e-05	-1.44558e-05	
314	2.539616e-08	-1.00782e-04	2.193671e-05	-3.70308e-05	
315	2.548774e-08	-1.49064e-04	-2.41211e-05	-1.14347e-05	
316	2.558774e-08	-9.72529e-05	2.429346e-05	-2.13536e-06	
317	2.568774e-08	-3.31895e-05	-2.43095e-05	2.746822e-06	
318	2.578774e-08	-5.77787e-05	2.429401e-05	-1.41745e-06	
319	2.588774e-08	-3.56148e-05	-2.42731e-05	1.521226e-06	
320	2.598774e-08	-5.67537e-05	2.425025e-05	-1.33894e-06	
321	2.608774e-08	-3.64535e-05	-2.42275e-05	1.574320e-06	
322	2.618774e-08	-5.61292e-05	2.420366e-05	-1.46109e-06	
323	2.628774e-08	-3.69030e-05	-2.41802e-05	1.645131e-06	
324	2.638774e-08	-5.58121e-05	2.415568e-05	-1.54643e-06	
325	2.648774e-08	-3.71185e-05	-2.41306e-05	1.687456e-06	
326	2.658774e-08	-5.56540e-05	2.410655e-05	-1.59790e-06	
327	2.668774e-08	-3.72365e-05	-2.40830e-05	1.710900e-06	
328	2.678774e-08	-5.55834e-05	2.405722e-05	-1.62846e-06	
329	2.688774e-08	-3.72835e-05	-2.40324e-05	1.721083e-06	
330	2.698774e-08	-5.55529e-05	2.400663e-05	-1.64644e-06	
331	2.708774e-08	-3.73017e-05	-2.39816e-05	1.725240e-06	
332	2.718774e-08	-5.55439e-05	2.395561e-05	-1.65805e-06	
333	2.728774e-08	-3.73043e-05	-2.39304e-05	1.726953e-06	
334	2.738774e-08	-5.55462e-05	2.390423e-05	-1.66657e-06	
335	2.748774e-08	-3.72988e-05	-2.38788e-05	1.728077e-06	
336	2.758774e-08	-5.55542e-05	2.385259e-05	-1.67374e-06	
337	2.768774e-08	-3.72890e-05	-2.38271e-05	1.729484e-06	
338	2.778774e-08	-5.55653e-05	2.380077e-05	-1.68044e-06	
339	2.788774e-08	-3.72771e-05	-2.37752e-05	1.731527e-06	
340	2.798774e-08	-5.55779e-05	2.374883e-05	-1.68708e-06	
341	2.808774e-08	-3.72641e-05	-2.37232e-05	1.734296e-06	
342	2.818774e-08	-5.55913e-05	2.369682e-05	-1.69383e-06	
343	2.828774e-08	-3.72505e-05	-2.36712e-05	1.737761e-06	
344	2.838774e-08	-5.56051e-05	2.364479e-05	-1.70076e-06	

Index   time            v.x1.v1#branch  v.x2.v1#branch  v2#branch       
--------------------------------------------------------------------------------
345	2.848774e-08	-3.72366e-05	-2.36192e-05	1.741844e-06	
346	2.858774e-08	-5.56191e-05	2.359276e-05	-1.70786e-06	
347	2.868774e-08	-3.72226e-05	-2.35672e-05	1.746455e-06	
348	2.878774e-08	-5.56332e-05	2.354077e-05	-1.71512e-06	
349	2.888774e-08	-3.72085e-05	-2.35152e-05	1.751506e-06	
350	2.898774e-08	-5.56472e-05	2.348883e-05	-1.72250e-06	
351	2.908774e-08	-3.71945e-05	-2.34633e-05	1.756922e-06	
352	2.918774e-08	-5.56613e-05	2.343697e-05	-1.72998e-06	
353	2.928774e-08	-3.71805e-05	-2.34115e-05	1.762637e-06	
354	2.938774e-08	-5.56753e-05	2.338519e-05	-1.73754e-06	
355	2.948774e-08	-3.71665e-05	-2.33597e-05	1.768598e-06	
356	2.958774e-08	-5.56893e-05	2.333350e-05	-1.74515e-06	
357	2.968774e-08	-3.71525e-05	-2.33081e-05	1.774761e-06	
358	2.978774e-08	-5.57033e-05	2.328192e-05	-1.75279e-06	
359	2.988774e-08	-3.71385e-05	-2.32566e-05	1.781091e-06	
360	2.998774e-08	-5.57172e-05	2.323046e-05	-1.76047e-06	
361	3.000000e-08	-3.70751e-05	-2.30223e-05	1.813556e-06	
362	3.000537e-08	6.204430e-06	4.511671e-05	-2.35464e-04	
363	3.001610e-08	1.456296e-05	5.491489e-05	-2.51440e-04	
364	3.003757e-08	2.628099e-05	6.787589e-05	-3.03488e-04	
365	3.008051e-08	-2.12026e-05	4.744838e-05	-4.01731e-04	
366	3.010000e-08	-7.04605e-05	1.514809e-05	-3.73617e-04	
367	3.010681e-08	-2.35605e-04	-9.01499e-05	-9.63700e-05	
368	3.012043e-08	-2.84655e-04	-1.13484e-04	-7.84658e-06	
369	3.014766e-08	-4.32759e-04	-1.36534e-04	7.929224e-05	
370	3.018460e-08	-4.39232e-04	-1.38682e-04	5.113566e-05	
371	3.020000e-08	-4.25776e-04	-1.29403e-04	2.991167e-05	
372	3.020394e-08	-2.91411e-04	-7.77516e-05	5.213384e-05	
373	3.021182e-08	-2.49575e-04	-6.70556e-05	2.359580e-05	
374	3.022758e-08	-1.92330e-04	-4.82339e-05	8.555453e-06	
375	3.025911e-08	-1.23566e-04	-2.39510e-05	-7.37753e-07	
376	3.031571e-08	-6.89264e-05	-5.78614e-06	1.866516e-06	
377	3.038735e-08	-5.10169e-05	-1.33913e-06	-1.81961e-06	
378	3.048735e-08	-4.34248e-05	-5.42454e-07	2.381547e-06	
379	3.058735e-08	-4.45422e-05	-4.56906e-07	-1.57442e-06	
380	3.068735e-08	-4.30816e-05	-2.76592e-07	2.133344e-06	
381	3.078735e-08	-4.45197e-05	-2.88436e-07	-1.64949e-06	
382	3.088735e-08	-4.30644e-05	-1.71198e-07	2.013840e-06	
383	3.098735e-08	-4.45359e-05	-2.15033e-07	-1.68242e-06	
384	3.108735e-08	-4.30508e-05	-1.17345e-07	1.950618e-06	
385	3.118735e-08	-4.45466e-05	-1.73914e-07	-1.70125e-06	
386	3.128735e-08	-4.30422e-05	-8.47432e-08	1.912251e-06	
387	3.138735e-08	-4.45531e-05	-1.47833e-07	-1.71369e-06	
388	3.148735e-08	-4.30368e-05	-6.29439e-08	1.886890e-06	
389	3.158735e-08	-4.45575e-05	-1.29951e-07	-1.72269e-06	
390	3.168735e-08	-4.30330e-05	-4.73406e-08	1.869142e-06	
391	3.178735e-08	-4.45607e-05	-1.17015e-07	-1.72965e-06	
392	3.188735e-08	-4.30302e-05	-3.56057e-08	1.856217e-06	
393	3.198735e-08	-4.45632e-05	-1.07285e-07	-1.73530e-06	
394	3.208735e-08	-4.30279e-05	-2.64411e-08	1.846528e-06	
395	3.218735e-08	-4.45653e-05	-9.97470e-08	-1.74004e-06	
396	3.228735e-08	-4.30259e-05	-1.90681e-08	1.839103e-06	
397	3.238735e-08	-4.45671e-05	-9.37724e-08	-1.74413e-06	
398	3.248735e-08	-4.30242e-05	-1.29920e-08	1.833312e-06	
399	3.258735e-08	-4.45688e-05	-8.89501e-08	-1.74772e-06	
400	3.268735e-08	-4.30226e-05	-7.88392e-09	1.828730e-06	
401	3.278735e-08	-4.45703e-05	-8.50003e-08	-1.75093e-06	
402	3.288735e-08	-4.30211e-05	-3.51716e-09	1.825062e-06	

Index   time            v.x1.v1#branch  v.x2.v1#branch  v2#branch       
--------------------------------------------------------------------------------
403	3.298735e-08	-4.45718e-05	-8.17262e-08	-1.75381e-06	
404	3.308735e-08	-4.30197e-05	2.695981e-10	1.822096e-06	
405	3.318735e-08	-4.45731e-05	-7.89851e-08	-1.75644e-06	
406	3.328735e-08	-4.30183e-05	3.593287e-09	1.819678e-06	
407	3.338735e-08	-4.45745e-05	-7.66713e-08	-1.75884e-06	
408	3.348735e-08	-4.30170e-05	6.542167e-09	1.817693e-06	
409	3.358735e-08	-4.45758e-05	-7.47044e-08	-1.76105e-06	
410	3.368735e-08	-4.30157e-05	9.183176e-09	1.816053e-06	
411	3.378735e-08	-4.45771e-05	-7.30241e-08	-1.76309e-06	
412	3.388735e-08	-4.30144e-05	1.156773e-08	1.814694e-06	
413	3.398735e-08	-4.45784e-05	-7.15815e-08	-1.76499e-06	
414	3.408735e-08	-4.30131e-05	1.373707e-08	1.813564e-06	
415	3.418735e-08	-4.45797e-05	-7.03392e-08	-1.76676e-06	
416	3.428735e-08	-4.30118e-05	1.572398e-08	1.812623e-06	
417	3.438735e-08	-4.45809e-05	-6.92668e-08	-1.76841e-06	
418	3.448735e-08	-4.30106e-05	1.755502e-08	1.811840e-06	
419	3.458735e-08	-4.45822e-05	-6.83401e-08	-1.76997e-06	
420	3.468735e-08	-4.30093e-05	1.925184e-08	1.811189e-06	
421	3.478735e-08	-4.45834e-05	-6.75387e-08	-1.77143e-06	
422	3.488735e-08	-4.30081e-05	2.083223e-08	1.810651e-06	
423	3.498735e-08	-4.45846e-05	-6.68463e-08	-1.77282e-06	
424	3.508735e-08	-4.30069e-05	2.231098e-08	1.810209e-06	
425	3.510000e-08	-4.45885e-05	-6.81157e-08	-1.77569e-06	
426	3.510459e-08	-1.29370e-04	-4.93100e-05	3.012137e-04	
427	3.511377e-08	-1.52360e-04	-5.55966e-05	3.280840e-04	
428	3.513214e-08	-1.89594e-04	-6.69196e-05	3.467153e-04	
429	3.516887e-08	-2.44313e-04	-7.83760e-05	3.300591e-04	
430	3.520000e-08	-2.44065e-04	-8.04242e-05	2.091316e-04	
431	3.520653e-08	-1.87826e-04	-2.71817e-05	1.820517e-05	
432	3.521960e-08	-1.78121e-04	-1.68086e-05	1.636368e-06	
433	3.524574e-08	-2.06431e-04	-5.81391e-06	1.446224e-05	
434	3.529801e-08	-1.74587e-04	-5.51695e-08	2.990370e-05	
435	3.535752e-08	-4.82352e-05	-3.22788e-08	1.563045e-05	
436	3.542241e-08	-6.38638e-05	4.303242e-08	1.914970e-05	
437	3.552241e-08	-6.47988e-06	-4.62666e-08	5.557871e-06	
438	3.562241e-08	-3.29458e-05	4.803571e-08	1.017675e-05	
439	3.572241e-08	1.471482e-05	-5.01834e-08	-4.41963e-06	
440	3.582241e-08	-2.00307e-05	5.133105e-08	7.014512e-06	
441	3.592241e-08	1.738006e-05	-5.30556e-08	-6.59512e-06	
442	3.602241e-08	-1.78391e-05	5.385731e-08	7.263998e-06	
443	3.612241e-08	1.725030e-05	-5.52927e-08	-7.46529e-06	
444	3.622241e-08	-1.71766e-05	5.583358e-08	7.836149e-06	
445	3.632241e-08	1.689957e-05	-5.70423e-08	-8.06718e-06	
446	3.642241e-08	-1.67872e-05	5.737541e-08	8.346363e-06	
447	3.652241e-08	1.658937e-05	-5.84025e-08	-8.54223e-06	
448	3.662241e-08	-1.64921e-05	5.856889e-08	8.766251e-06	
449	3.672241e-08	1.633619e-05	-5.94501e-08	-8.92625e-06	
450	3.682241e-08	-1.62581e-05	5.948244e-08	9.108691e-06	
451	3.692241e-08	1.613294e-05	-6.02464e-08	-9.23856e-06	
452	3.702241e-08	-1.60720e-05	6.017102e-08	9.388081e-06	
453	3.712241e-08	1.597120e-05	-6.08407e-08	-9.49330e-06	
454	3.722241e-08	-1.59249e-05	6.067881e-08	9.616426e-06	
455	3.732241e-08	1.584354e-05	-6.12728e-08	-9.70160e-06	
456	3.742241e-08	-1.58093e-05	6.104133e-08	9.803442e-06	
457	3.752241e-08	1.574368e-05	-6.15745e-08	-9.87235e-06	
458	3.762241e-08	-1.57193e-05	6.128716e-08	9.956982e-06	
459	3.772241e-08	1.566641e-05	-6.17715e-08	-1.00127e-05	
460	3.782241e-08	-1.56501e-05	6.143927e-08	1.008340e-05	

Index   time            v.x1.v1#branch  v.x2.v1#branch  v2#branch       
--------------------------------------------------------------------------------
461	3.792241e-08	1.560747e-05	-6.18843e-08	-1.01285e-05	
462	3.802241e-08	-1.55976e-05	6.151614e-08	1.018784e-05	
463	3.812241e-08	1.556337e-05	-6.19297e-08	-1.02243e-05	
464	3.822241e-08	-1.55587e-05	6.153261e-08	1.027449e-05	
465	3.832241e-08	1.553129e-05	-6.19209e-08	-1.03040e-05	
466	3.842241e-08	-1.55308e-05	6.150063e-08	1.034671e-05	
467	3.852241e-08	1.550892e-05	-6.18687e-08	-1.03707e-05	
468	3.862241e-08	-1.55118e-05	6.142982e-08	1.040724e-05	
469	3.872241e-08	1.549440e-05	-6.17817e-08	-1.04267e-05	
470	3.882241e-08	-1.54999e-05	6.132789e-08	1.045832e-05	
471	3.892241e-08	1.548622e-05	-6.16667e-08	-1.04742e-05	
472	3.902241e-08	-1.54938e-05	6.120105e-08	1.050174e-05	
473	3.912241e-08	1.548316e-05	-6.15295e-08	-1.05147e-05	
474	3.922241e-08	-1.54923e-05	6.105431e-08	1.053895e-05	
475	3.932241e-08	1.548424e-05	-6.13745e-08	-1.05496e-05	
476	3.942241e-08	-1.54947e-05	6.089167e-08	1.057113e-05	
477	3.952241e-08	1.548864e-05	-6.12052e-08	-1.05800e-05	
478	3.962241e-08	-1.55001e-05	6.071636e-08	1.059925e-05	
479	3.972241e-08	1.549575e-05	-6.10247e-08	-1.06066e-05	
480	3.982241e-08	-1.55079e-05	6.053099e-08	1.062407e-05	
481	3.992241e-08	1.550502e-05	-6.08351e-08	-1.06303e-05	
482	4.000000e-08	-1.55193e-05	6.030976e-08	1.064925e-05	

              * /home/drako/esim-workspace/halfadder/halfadder.cir
              Transient Analysis  Tue Jun 29 20:26:49  2021
--------------------------------------------------------------------------------
Index   time            v3#branch       
--------------------------------------------------------------------------------
0	0.000000e+00	0.000000e+00	
1	1.000000e-12	-1.90961e-04	
2	2.000000e-12	-2.01126e-04	
3	4.000000e-12	-2.15959e-04	
4	8.000000e-12	-2.37666e-04	
5	1.600000e-11	-2.63664e-04	
6	3.200000e-11	-3.19761e-04	
7	6.400000e-11	-4.43962e-04	
8	1.000000e-10	-4.57104e-04	
9	1.050523e-10	-1.31348e-04	
10	1.151569e-10	-5.62804e-05	
11	1.353660e-10	-9.41107e-05	
12	1.554503e-10	3.019554e-05	
13	1.804616e-10	2.300237e-05	
14	2.230758e-10	5.068559e-05	
15	2.787064e-10	-3.58075e-05	
16	3.386547e-10	4.452341e-05	
17	4.251412e-10	-4.10285e-05	
18	5.136957e-10	4.012315e-05	
19	6.136957e-10	-3.98153e-05	
20	7.136957e-10	4.084869e-05	
21	8.136957e-10	-4.05226e-05	
22	9.136957e-10	4.096814e-05	
23	1.013696e-09	-4.07759e-05	
24	1.113696e-09	4.105938e-05	
25	1.213696e-09	-4.08934e-05	
26	1.313696e-09	4.110287e-05	
27	1.413696e-09	-4.09544e-05	
28	1.513696e-09	4.112057e-05	
29	1.613696e-09	-4.09882e-05	
30	1.713696e-09	4.112629e-05	
31	1.813696e-09	-4.10085e-05	
32	1.913696e-09	4.112697e-05	
33	2.013696e-09	-4.10218e-05	
34	2.113696e-09	4.112597e-05	
35	2.213696e-09	-4.10317e-05	
36	2.313696e-09	4.112481e-05	
37	2.413696e-09	-4.10398e-05	
38	2.513696e-09	4.112417e-05	
39	2.613696e-09	-4.10470e-05	
40	2.713696e-09	4.112426e-05	
41	2.813696e-09	-4.10539e-05	
42	2.913696e-09	4.112515e-05	
43	3.013696e-09	-4.10606e-05	
44	3.113696e-09	4.112679e-05	
45	3.213696e-09	-4.10673e-05	
46	3.313696e-09	4.112909e-05	
47	3.413696e-09	-4.10740e-05	
48	3.513696e-09	4.113197e-05	
49	3.613696e-09	-4.10807e-05	
50	3.713696e-09	4.113534e-05	
51	3.813696e-09	-4.10875e-05	
52	3.913696e-09	4.113913e-05	
53	4.013696e-09	-4.10944e-05	
54	4.113696e-09	4.114327e-05	

Index   time            v3#branch       
--------------------------------------------------------------------------------
55	4.213696e-09	-4.11012e-05	
56	4.313696e-09	4.114770e-05	
57	4.413696e-09	-4.11081e-05	
58	4.513696e-09	4.115238e-05	
59	4.613696e-09	-4.11150e-05	
60	4.713696e-09	4.115727e-05	
61	4.813696e-09	-4.11219e-05	
62	4.913696e-09	4.116233e-05	
63	5.013696e-09	-4.11287e-05	
64	5.100000e-09	4.116807e-05	
65	5.110000e-09	-2.40756e-05	
66	5.130000e-09	-1.71791e-06	
67	5.170000e-09	6.116100e-06	
68	5.200000e-09	-1.74951e-05	
69	5.205361e-09	-4.36760e-05	
70	5.216084e-09	-1.16107e-04	
71	5.237529e-09	-1.28373e-06	
72	5.259904e-09	-4.77582e-05	
73	5.289356e-09	2.360185e-05	
74	5.336278e-09	-2.21979e-05	
75	5.396076e-09	2.111758e-05	
76	5.487731e-09	-2.57125e-05	
77	5.587731e-09	8.653529e-06	
78	5.687731e-09	-2.40088e-05	
79	5.787731e-09	2.457294e-05	
80	5.887731e-09	-2.41375e-05	
81	5.987731e-09	2.374689e-05	
82	6.087731e-09	-2.34471e-05	
83	6.187731e-09	2.322219e-05	
84	6.287731e-09	-2.30547e-05	
85	6.387731e-09	2.293128e-05	
86	6.487731e-09	-2.28423e-05	
87	6.587731e-09	2.277614e-05	
88	6.687731e-09	-2.27270e-05	
89	6.787731e-09	2.269252e-05	
90	6.887731e-09	-2.26667e-05	
91	6.987731e-09	2.264738e-05	
92	7.087731e-09	-2.26328e-05	
93	7.187731e-09	2.262147e-05	
94	7.287731e-09	-2.26124e-05	
95	7.387731e-09	2.260487e-05	
96	7.487731e-09	-2.25983e-05	
97	7.587731e-09	2.259241e-05	
98	7.687731e-09	-2.25869e-05	
99	7.787731e-09	2.258153e-05	
100	7.887731e-09	-2.25763e-05	
101	7.987731e-09	2.257101e-05	
102	8.087731e-09	-2.25657e-05	
103	8.187731e-09	2.256030e-05	
104	8.287731e-09	-2.25548e-05	
105	8.387731e-09	2.254922e-05	
106	8.487731e-09	-2.25435e-05	
107	8.587731e-09	2.253773e-05	
108	8.687731e-09	-2.25318e-05	
109	8.787731e-09	2.252586e-05	
110	8.887731e-09	-2.25198e-05	
111	8.987731e-09	2.251367e-05	
112	9.087731e-09	-2.25075e-05	

Index   time            v3#branch       
--------------------------------------------------------------------------------
113	9.187731e-09	2.250121e-05	
114	9.287731e-09	-2.24949e-05	
115	9.387731e-09	2.248854e-05	
116	9.487731e-09	-2.24821e-05	
117	9.587731e-09	2.247571e-05	
118	9.687731e-09	-2.24692e-05	
119	9.787731e-09	2.246276e-05	
120	9.887731e-09	-2.24562e-05	
121	9.987731e-09	2.244970e-05	
122	1.000000e-08	-2.23960e-05	
123	1.000537e-08	3.042455e-05	
124	1.001611e-08	1.189544e-05	
125	1.003759e-08	9.757912e-06	
126	1.008054e-08	-4.83211e-06	
127	1.010000e-08	-7.41747e-06	
128	1.010681e-08	3.253911e-04	
129	1.012043e-08	3.908100e-04	
130	1.014768e-08	4.187191e-04	
131	1.018461e-08	3.296071e-04	
132	1.020000e-08	3.495642e-04	
133	1.020394e-08	6.564271e-05	
134	1.021182e-08	5.887915e-05	
135	1.022758e-08	3.928990e-05	
136	1.025911e-08	2.351804e-05	
137	1.031571e-08	1.624451e-06	
138	1.038735e-08	4.302435e-06	
139	1.048735e-08	-2.76734e-06	
140	1.058735e-08	3.298624e-06	
141	1.068735e-08	-2.95143e-06	
142	1.078735e-08	3.252068e-06	
143	1.088735e-08	-3.01588e-06	
144	1.098735e-08	3.231773e-06	
145	1.108735e-08	-3.05146e-06	
146	1.118735e-08	3.218916e-06	
147	1.128735e-08	-3.07365e-06	
148	1.138735e-08	3.210024e-06	
149	1.148735e-08	-3.08879e-06	
150	1.158735e-08	3.203607e-06	
151	1.168735e-08	-3.09985e-06	
152	1.178735e-08	3.198869e-06	
153	1.188735e-08	-3.10838e-06	
154	1.198735e-08	3.195322e-06	
155	1.208735e-08	-3.11521e-06	
156	1.218735e-08	3.192648e-06	
157	1.228735e-08	-3.12088e-06	
158	1.238735e-08	3.190633e-06	
159	1.248735e-08	-3.12570e-06	
160	1.258735e-08	3.189123e-06	
161	1.268735e-08	-3.12989e-06	
162	1.278735e-08	3.188011e-06	
163	1.288735e-08	-3.13361e-06	
164	1.298735e-08	3.187216e-06	
165	1.308735e-08	-3.13694e-06	
166	1.318735e-08	3.186678e-06	
167	1.328735e-08	-3.13998e-06	
168	1.338735e-08	3.186351e-06	
169	1.348735e-08	-3.14278e-06	
170	1.358735e-08	3.186199e-06	

Index   time            v3#branch       
--------------------------------------------------------------------------------
171	1.368735e-08	-3.14538e-06	
172	1.378735e-08	3.186195e-06	
173	1.388735e-08	-3.14782e-06	
174	1.398735e-08	3.186314e-06	
175	1.408735e-08	-3.15012e-06	
176	1.418735e-08	3.186541e-06	
177	1.428735e-08	-3.15231e-06	
178	1.438735e-08	3.186858e-06	
179	1.448735e-08	-3.15439e-06	
180	1.458735e-08	3.187255e-06	
181	1.468735e-08	-3.15640e-06	
182	1.478735e-08	3.187720e-06	
183	1.488735e-08	-3.15832e-06	
184	1.498735e-08	3.188245e-06	
185	1.508735e-08	-3.16018e-06	
186	1.510000e-08	3.192538e-06	
187	1.510459e-08	-3.20749e-05	
188	1.511377e-08	-1.77486e-05	
189	1.513213e-08	-7.45681e-06	
190	1.516886e-08	1.104091e-05	
191	1.520000e-08	2.141588e-05	
192	1.520653e-08	2.452812e-05	
193	1.521960e-08	-7.69995e-06	
194	1.524574e-08	-1.21900e-05	
195	1.529802e-08	5.239469e-06	
196	1.535753e-08	4.968707e-06	
197	1.542243e-08	4.051215e-06	
198	1.552243e-08	1.127330e-06	
199	1.562243e-08	2.690766e-06	
200	1.572243e-08	-6.53757e-08	
201	1.582243e-08	7.573973e-07	
202	1.592243e-08	-4.84120e-07	
203	1.602243e-08	6.415645e-07	
204	1.612243e-08	-6.79746e-07	
205	1.622243e-08	7.675031e-07	
206	1.632243e-08	-8.32720e-07	
207	1.642243e-08	8.995066e-07	
208	1.652243e-08	-9.56704e-07	
209	1.662243e-08	1.010383e-06	
210	1.672243e-08	-1.05766e-06	
211	1.682243e-08	1.101497e-06	
212	1.692243e-08	-1.14051e-06	
213	1.702243e-08	1.176656e-06	
214	1.712243e-08	-1.20901e-06	
215	1.722243e-08	1.239008e-06	
216	1.732243e-08	-1.26597e-06	
217	1.742243e-08	1.290984e-06	
218	1.752243e-08	-1.31354e-06	
219	1.762243e-08	1.334495e-06	
220	1.772243e-08	-1.35344e-06	
221	1.782243e-08	1.371073e-06	
222	1.792243e-08	-1.38706e-06	
223	1.802243e-08	1.401967e-06	
224	1.812243e-08	-1.41552e-06	
225	1.822243e-08	1.428195e-06	
226	1.832243e-08	-1.43975e-06	
227	1.842243e-08	1.450594e-06	
228	1.852243e-08	-1.46051e-06	

Index   time            v3#branch       
--------------------------------------------------------------------------------
229	1.862243e-08	1.469852e-06	
230	1.872243e-08	-1.47843e-06	
231	1.882243e-08	1.486531e-06	
232	1.892243e-08	-1.49400e-06	
233	1.902243e-08	1.501093e-06	
234	1.912243e-08	-1.50766e-06	
235	1.922243e-08	1.513917e-06	
236	1.932243e-08	-1.51974e-06	
237	1.942243e-08	1.525310e-06	
238	1.952243e-08	-1.53052e-06	
239	1.962243e-08	1.535525e-06	
240	1.972243e-08	-1.54022e-06	
241	1.982243e-08	1.544754e-06	
242	1.992243e-08	-1.54902e-06	
243	2.000000e-08	1.554314e-06	
244	2.001000e-08	-2.33738e-04	
245	2.003000e-08	-3.05206e-04	
246	2.007000e-08	-4.79550e-04	
247	2.010000e-08	-4.20228e-04	
248	2.010517e-08	-1.44378e-04	
249	2.011550e-08	-6.57947e-05	
250	2.013616e-08	-3.65283e-05	
251	2.016241e-08	1.124089e-06	
252	2.019835e-08	7.160091e-05	
253	2.024604e-08	-1.84160e-05	
254	2.030688e-08	2.723656e-05	
255	2.036731e-08	-2.09827e-05	
256	2.045945e-08	2.210986e-05	
257	2.055945e-08	-2.24445e-05	
258	2.065945e-08	2.405361e-05	
259	2.075945e-08	-2.37577e-05	
260	2.085945e-08	2.427922e-05	
261	2.095945e-08	-2.40700e-05	
262	2.105945e-08	2.429877e-05	
263	2.115945e-08	-2.40726e-05	
264	2.125945e-08	2.420283e-05	
265	2.135945e-08	-2.39870e-05	
266	2.145945e-08	2.407987e-05	
267	2.155945e-08	-2.38892e-05	
268	2.165945e-08	2.396839e-05	
269	2.175945e-08	-2.38056e-05	
270	2.185945e-08	2.388009e-05	
271	2.195945e-08	-2.37426e-05	
272	2.205945e-08	2.381537e-05	
273	2.215945e-08	-2.36990e-05	
274	2.225945e-08	2.377071e-05	
275	2.235945e-08	-2.36715e-05	
276	2.245945e-08	2.374182e-05	
277	2.255945e-08	-2.36563e-05	
278	2.265945e-08	2.372481e-05	
279	2.275945e-08	-2.36501e-05	
280	2.285945e-08	2.371655e-05	
281	2.295945e-08	-2.36506e-05	
282	2.305945e-08	2.371466e-05	
283	2.315945e-08	-2.36558e-05	
284	2.325945e-08	2.371737e-05	
285	2.335945e-08	-2.36643e-05	
286	2.345945e-08	2.372339e-05	

Index   time            v3#branch       
--------------------------------------------------------------------------------
287	2.355945e-08	-2.36751e-05	
288	2.365945e-08	2.373181e-05	
289	2.375945e-08	-2.36876e-05	
290	2.385945e-08	2.374196e-05	
291	2.395945e-08	-2.37013e-05	
292	2.405945e-08	2.375338e-05	
293	2.415945e-08	-2.37157e-05	
294	2.425945e-08	2.376573e-05	
295	2.435945e-08	-2.37307e-05	
296	2.445945e-08	2.377875e-05	
297	2.455945e-08	-2.37460e-05	
298	2.465945e-08	2.379228e-05	
299	2.475945e-08	-2.37616e-05	
300	2.485945e-08	2.380619e-05	
301	2.495945e-08	-2.37774e-05	
302	2.505945e-08	2.382039e-05	
303	2.510000e-08	-2.38042e-05	
304	2.511000e-08	-2.40485e-05	
305	2.513000e-08	-1.74536e-06	
306	2.517000e-08	6.136496e-06	
307	2.520000e-08	-1.75074e-05	
308	2.520537e-08	-4.37107e-05	
309	2.521610e-08	-1.16210e-04	
310	2.523756e-08	-1.14531e-06	
311	2.525993e-08	-4.78498e-05	
312	2.528942e-08	2.373217e-05	
313	2.533629e-08	-2.23159e-05	
314	2.539616e-08	2.122899e-05	
315	2.548774e-08	-2.58229e-05	
316	2.558774e-08	8.762172e-06	
317	2.568774e-08	-2.41161e-05	
318	2.578774e-08	2.467943e-05	
319	2.588774e-08	-2.42432e-05	
320	2.598774e-08	2.385191e-05	
321	2.608774e-08	-2.35515e-05	
322	2.618774e-08	2.332598e-05	
323	2.628774e-08	-2.31580e-05	
324	2.638774e-08	2.303403e-05	
325	2.648774e-08	-2.29446e-05	
326	2.658774e-08	2.287802e-05	
327	2.668774e-08	-2.28275e-05	
328	2.678774e-08	2.279187e-05	
329	2.688774e-08	-2.27659e-05	
330	2.698774e-08	2.274661e-05	
331	2.708774e-08	-2.27319e-05	
332	2.718774e-08	2.272053e-05	
333	2.728774e-08	-2.27113e-05	
334	2.738774e-08	2.270367e-05	
335	2.748774e-08	-2.26970e-05	
336	2.758774e-08	2.269093e-05	
337	2.768774e-08	-2.26852e-05	
338	2.778774e-08	2.267977e-05	
339	2.788774e-08	-2.26744e-05	
340	2.798774e-08	2.266897e-05	
341	2.808774e-08	-2.26635e-05	
342	2.818774e-08	2.265802e-05	
343	2.828774e-08	-2.26524e-05	
344	2.838774e-08	2.264671e-05	

Index   time            v3#branch       
--------------------------------------------------------------------------------
345	2.848774e-08	-2.26409e-05	
346	2.858774e-08	2.263501e-05	
347	2.868774e-08	-2.26290e-05	
348	2.878774e-08	2.262294e-05	
349	2.888774e-08	-2.26168e-05	
350	2.898774e-08	2.261057e-05	
351	2.908774e-08	-2.26043e-05	
352	2.918774e-08	2.259794e-05	
353	2.928774e-08	-2.25915e-05	
354	2.938774e-08	2.258511e-05	
355	2.948774e-08	-2.25786e-05	
356	2.958774e-08	2.257212e-05	
357	2.968774e-08	-2.25656e-05	
358	2.978774e-08	2.255902e-05	
359	2.988774e-08	-2.25524e-05	
360	2.998774e-08	2.254582e-05	
361	3.000000e-08	-2.24915e-05	
362	3.000537e-08	3.042817e-05	
363	3.001610e-08	1.190092e-05	
364	3.003757e-08	9.755516e-06	
365	3.008051e-08	-4.81368e-06	
366	3.010000e-08	-7.43442e-06	
367	3.010681e-08	3.253835e-04	
368	3.012043e-08	3.907962e-04	
369	3.014766e-08	4.187197e-04	
370	3.018460e-08	3.296564e-04	
371	3.020000e-08	3.495370e-04	
372	3.020394e-08	6.564177e-05	
373	3.021182e-08	5.887843e-05	
374	3.022758e-08	3.929060e-05	
375	3.025911e-08	2.351888e-05	
376	3.031571e-08	1.624911e-06	
377	3.038735e-08	4.302323e-06	
378	3.048735e-08	-2.76714e-06	
379	3.058735e-08	3.298427e-06	
380	3.068735e-08	-2.95123e-06	
381	3.078735e-08	3.251873e-06	
382	3.088735e-08	-3.01568e-06	
383	3.098735e-08	3.231578e-06	
384	3.108735e-08	-3.05126e-06	
385	3.118735e-08	3.218721e-06	
386	3.128735e-08	-3.07345e-06	
387	3.138735e-08	3.209829e-06	
388	3.148735e-08	-3.08860e-06	
389	3.158735e-08	3.203412e-06	
390	3.168735e-08	-3.09966e-06	
391	3.178735e-08	3.198674e-06	
392	3.188735e-08	-3.10818e-06	
393	3.198735e-08	3.195127e-06	
394	3.208735e-08	-3.11502e-06	
395	3.218735e-08	3.192454e-06	
396	3.228735e-08	-3.12068e-06	
397	3.238735e-08	3.190438e-06	
398	3.248735e-08	-3.12551e-06	
399	3.258735e-08	3.188929e-06	
400	3.268735e-08	-3.12970e-06	
401	3.278735e-08	3.187817e-06	
402	3.288735e-08	-3.13341e-06	

Index   time            v3#branch       
--------------------------------------------------------------------------------
403	3.298735e-08	3.187023e-06	
404	3.308735e-08	-3.13675e-06	
405	3.318735e-08	3.186485e-06	
406	3.328735e-08	-3.13979e-06	
407	3.338735e-08	3.186158e-06	
408	3.348735e-08	-3.14259e-06	
409	3.358735e-08	3.186006e-06	
410	3.368735e-08	-3.14519e-06	
411	3.378735e-08	3.186002e-06	
412	3.388735e-08	-3.14763e-06	
413	3.398735e-08	3.186122e-06	
414	3.408735e-08	-3.14993e-06	
415	3.418735e-08	3.186348e-06	
416	3.428735e-08	-3.15212e-06	
417	3.438735e-08	3.186666e-06	
418	3.448735e-08	-3.15420e-06	
419	3.458735e-08	3.187063e-06	
420	3.468735e-08	-3.15620e-06	
421	3.478735e-08	3.187528e-06	
422	3.488735e-08	-3.15813e-06	
423	3.498735e-08	3.188054e-06	
424	3.508735e-08	-3.15999e-06	
425	3.510000e-08	3.192347e-06	
426	3.510459e-08	-3.20740e-05	
427	3.511377e-08	-1.77471e-05	
428	3.513214e-08	-7.45536e-06	
429	3.516887e-08	1.104780e-05	
430	3.520000e-08	2.141041e-05	
431	3.520653e-08	2.452935e-05	
432	3.521960e-08	-7.69607e-06	
433	3.524574e-08	-1.21934e-05	
434	3.529801e-08	5.238226e-06	
435	3.535752e-08	4.968504e-06	
436	3.542241e-08	4.052389e-06	
437	3.552241e-08	1.126916e-06	
438	3.562241e-08	2.691213e-06	
439	3.572241e-08	-6.52529e-08	
440	3.582241e-08	7.574105e-07	
441	3.592241e-08	-4.84039e-07	
442	3.602241e-08	6.414953e-07	
443	3.612241e-08	-6.79662e-07	
444	3.622241e-08	7.674189e-07	
445	3.632241e-08	-8.32633e-07	
446	3.642241e-08	8.994205e-07	
447	3.652241e-08	-9.56619e-07	
448	3.662241e-08	1.010300e-06	
449	3.672241e-08	-1.05758e-06	
450	3.682241e-08	1.101418e-06	
451	3.692241e-08	-1.14043e-06	
452	3.702241e-08	1.176581e-06	
453	3.712241e-08	-1.20894e-06	
454	3.722241e-08	1.238937e-06	
455	3.732241e-08	-1.26590e-06	
456	3.742241e-08	1.290916e-06	
457	3.752241e-08	-1.31347e-06	
458	3.762241e-08	1.334429e-06	
459	3.772241e-08	-1.35338e-06	
460	3.782241e-08	1.371009e-06	

Index   time            v3#branch       
--------------------------------------------------------------------------------
461	3.792241e-08	-1.38699e-06	
462	3.802241e-08	1.401903e-06	
463	3.812241e-08	-1.41546e-06	
464	3.822241e-08	1.428132e-06	
465	3.832241e-08	-1.43969e-06	
466	3.842241e-08	1.450531e-06	
467	3.852241e-08	-1.46045e-06	
468	3.862241e-08	1.469787e-06	
469	3.872241e-08	-1.47836e-06	
470	3.882241e-08	1.486465e-06	
471	3.892241e-08	-1.49393e-06	
472	3.902241e-08	1.501025e-06	
473	3.912241e-08	-1.50759e-06	
474	3.922241e-08	1.513845e-06	
475	3.932241e-08	-1.51966e-06	
476	3.942241e-08	1.525236e-06	
477	3.952241e-08	-1.53044e-06	
478	3.962241e-08	1.535448e-06	
479	3.972241e-08	-1.54014e-06	
480	3.982241e-08	1.544673e-06	
481	3.992241e-08	-1.54894e-06	
482	4.000000e-08	1.554228e-06	
